geometry=00:00:00.000~=0.0671875 0.920833 0.867188 0.075 1;00:00:00.500~=0.0671875 0.919713 0.867188 0.075 1
halign=center
valign=bottom
argument=hello world hello world hello world hello world hello world
size=54
fgcolour=00:00:00.000~=0 255 255 255 1;00:00:00.500~=255 255 255 255 1
family=Arial
weight=500
olcolour=00:00:00.000~=255 0 0 0 1;00:00:00.500~=255 0 0 0 1
outline=00:00:00.000|=0
bgcolour=00:00:00.000~=0 0 0 0 1;00:00:00.500~=0 0 0 0 1
pad=00:00:00.000|=0
letter_spaceing=00:00:00.000|=0
