geometry=0.390625 0.7625 0.564844 0.140278 1
halign=center
valign=bottom
argument=hello world hello world
size=101
fgcolour=00:00:00.000~=0 216 255 237 1;00:00:00.542~=255 216 255 237 1
family=Comic Sans MS
weight=500
olcolour=00:00:00.000~=255 0 0 0 1;00:00:00.542~=255 0 0 0 1
outline=00:00:00.000|=0;00:00:00.542=0
bgcolour=00:00:00.000~=0 0 0 0 1;00:00:00.542~=0 0 0 0 1
pad=00:00:00.000|=0;00:00:00.542=0
letter_spaceing=00:00:00.000=0;00:00:00.542=0
