geometry=-0.015625 0.127778 1.07656 0.575 1
shear_x=0
halign=center
valign=bottom
size=414
fgcolour=255 32 255 255 1
family=Impact
weight=500
olcolour=255 0 0 0 1
outline=0
bgcolour=0 0 0 0 1
pad=0
letter_spaceing=0
shadow_distance=0
shadow_angle=45
