geometry=0~=0.0570312 0.715278 0.888281 0.145833 1;48~=0.0570312 0.715278 0.888281 0.145833 1;60~=0.0570312 0.715278 0.888281 0.145833 1
halign=center
valign=bottom
argument=hello world hello world hello world
size=105
fgcolour=0|=255 255 255 10 1;48~=255 255 255 10 1;60~=0 255 255 10 1
family=Arial Black
weight=750
olcolour=0~=255 0 0 0 1;48~=255 0 0 0 1;60~=255 0 0 0 1
outline=0|=0;48=0;600=0
bgcolour=0~=0 0 0 0 1;48~=0 0 0 0 1;60~=0 0 0 0 1
pad=0|=0;48=0;60=0
letter_spaceing=0=0;48=0;60=0
