geometry=0.0539063 0.0888889 0.928125 0.865278 1
shear_x=0
halign=center
valign=middle
size=67
fgcolour=255 255 255 255 1
family=Verdana
weight=750
olcolour=255 0 0 0 1
outline=0
bgcolour=0 0 0 0 1
pad=00:00:00.000=0
letter_spaceing=0
shadow_distance=0
shadow_angle=45
