geometry=0.0101563 0.352778 0.961719 0.205556 1
shear_x=0
halign=center
valign=bottom
size=148
fgcolour=255 252 255 46 1
family=Arial Black
weight=500
olcolour=226 255 242 47 1
outline=11
bgcolour=0 0 0 0 1
pad=00:00:00.000=0
letter_spaceing=0
shadow_distance=0
shadow_angle=45
