geometry=0.040625 0.351389 0.886719 0.169444 1
shear_x=0
halign=center
valign=bottom
size=122
fgcolour=255 255 255 255 1
family=Arial Black
weight=750
olcolour=160 211 73 4 1
outline=8
bgcolour=0 0 0 0 1
pad=00:00:00.000=0
letter_spaceing=0
shadow_distance=0
shadow_angle=45
