geometry=0.464062 0.0333333 0.527344 0.136111 1
shear_x=-0.2
halign=center
valign=bottom
size=67
fgcolour=255 255 0 174 1
family=Times New Roman
weight=750
olcolour=255 0 0 0 1
outline=0
bgcolour=0 0 0 0 1
pad=00:00:00.000=0
letter_spaceing=0
shadow_distance=13
shadow_angle=45
