geometry=00:00:00.000~=1.01562 0.404167 0.672656 0.280556 1;00:00:01.000~=0.158594 0.404167 0.672656 0.280556 1
halign=center
valign=bottom
argument=hello world
size=202
fgcolour=00:00:00.000~=255 252 32 200 1;00:00:01.000~=255 252 0 214 1
family=Impact
weight=500
olcolour=00:00:00.000~=255 0 0 0 1;00:00:01.000~=255 0 0 0 1
outline=00:00:00.000|=0
bgcolour=00:00:00.000~=0 0 0 0 1;00:00:01.000~=0 0 0 0 1
pad=00:00:00.000|=0
letter_spaceing=0=0;24=0
