geometry=00:00:00.000~=-0.507812 0.543056 0.507812 0.238889 1;00:00:01.000~=0.0328125 0.543056 0.507812 0.238889 1
halign=center
valign=bottom
argument=hello world
size=172
fgcolour=00:00:00.000~=255 255 255 255 1;00:00:01.000~=255 255 255 255 1
family=Arial Black
weight=500
olcolour=00:00:00.000~=255 253 125 91 1;00:00:01.000~=255 253 125 91 1
outline=00:00:00.000|=7
bgcolour=00:00:00.000~=0 0 0 0 1;00:00:01.000~=0 0 0 0 1
pad=00:00:00.000|=0
letter_spaceing=00:00:00.000=0;00:00:01.000=0
