geometry=0~=0.0296875 1.1875 0.946875 0.0708333 1;12~=0.0296875 0.909722 0.946875 0.0708333 1
halign=center
valign=bottom
argument=hello world hello world hello world hello world hello world hello world 
size=51
fgcolour=0|=255 255 255 10 1;12~=255 255 255 10 1
family=Georgia
weight=500
olcolour=0~=255 0 0 0 1;12~=255 0 0 0 1
outline=0|=0
bgcolour=0~=0 0 0 0 1;12~=0 0 0 0 1
pad=0|=0
letter_spaceing=0=0;12=0
