geometry=00:00:00.000~=0.025 0.393056 0.953906 0.141667 1;00:00:02.000~=0.025 0.393056 0.953906 0.141667 1;00:00:02.500~=0.025 -1.22639 0.953906 0.141667 1
halign=center
valign=bottom
argument=hello world hello world hello world
size=102
fgcolour=00:00:00.000|=255 255 255 255 1;00:00:02.000~=255 255 255 255 1;00:00:02.500~=255 255 255 255 1
family=Arial
weight=500
olcolour=00:00:00.000~=255 0 0 0 1;00:00:02.000~=255 0 0 0 1;00:00:02.500~=255 0 0 0 1
outline=00:00:00.000|=0;00:00:02.000=0;00:00:02.500=0
bgcolour=00:00:00.000~=0 0 0 0 1;00:00:02.000~=0 0 0 0 1;00:00:02.500~=0 0 0 0 1
pad=00:00:00.000|=0;00:00:02.000=0;00:00:02.500=0
letter_spaceing=00:00:00.000=0;00:00:02.000=0;00:00:02.500=0;00:00:03.000=0
