geometry=0~=0.0210938 0.176389 0.960156 0.640278 1;4~=0.0195312 0.176389 0.960156 0.640278 1;48~=0.0195312 0.176389 0.960156 0.640278 1;60~=1.01562 0.176389 0.960156 0.640278 1
halign=center
valign=bottom
argument=world
size=461
fgcolour=00:00:00.000~=255 255 252 33 1;00:00:00.167~=255 255 252.086 32.3416 1;00:00:02.000~=255 255 252.086 32.3416 1;00:00:02.500~=255 255 252.086 32.3416 1
family=Courier New
weight=500
olcolour=00:00:00.000~=255 0 0 0 1;00:00:00.167~=255 0 0 0 1;00:00:02.000~=255 0 0 0 1;00:00:02.500~=255 0 0 0 1
outline=00:00:00.000|=0
bgcolour=00:00:00.000~=0 0 0 0 1;00:00:00.167~=0 0 0 0 1;00:00:02.000~=0 0 0 0 1;00:00:02.500~=0 0 0 0 1
pad=00:00:00.000|=0
letter_spaceing=0=0;4=0;48=0;60=0
