geometry=00:00:00.000~=0.0984375 -0.555556 0.817969 0.2875 1;00:00:01.000~=0.0984375 0.313889 0.817969 0.2875 1
halign=center
valign=bottom
argument=hello world
size=207
fgcolour=00:00:00.000~=255 255 255 255 1;00:00:01.000~=255 238 255 236 1
family=Arial Black
weight=500
olcolour=00:00:00.000~=255 28 226 231 1;00:00:01.000~=255 28 226 231 1
outline=00:00:00.000|=4
bgcolour=00:00:00.000~=0 0 0 0 1;00:00:01.000~=0 0 0 0 1
pad=00:00:00.000|=0
letter_spaceing=00:00:00.000=0;00:00:01.000=0
