geometry=0~=0.0335937 0.85 0.936719 0.119444 1;44~=0.0335937 0.85 0.936719 0.119444 1;53~=0.0335937 1.11111 0.936719 0.119444 1
halign=center
valign=bottom
argument=hello world hello world hello world 
size=85.9997
fgcolour=0~=255 252 75 43 1;44~=255 252 75 43 1;53~=255 252 75 43 1
family=Arial
weight=500
olcolour=0~=255 255 255 10 1;44~=255 255 255 10 1;53~=255 255 255 10 1
outline=0|=4
bgcolour=0~=0 0 0 0 1;44~=0 0 0 0 1;53~=0 0 0 0 1
pad=0|=0
letter_spaceing=0=0;44=0;53=0
