geometry=0~=0.0671875 0.329167 0.854688 0.329167 1;60~=0.0671875 0.329167 0.854688 0.329167 1;72~=-0.9375 0.329167 0.854688 0.329167 1
halign=center
valign=bottom
argument=hello world
size=237
fgcolour=0~=255 252 38 250 1;60~=255 252 38 250 1;72~=255 252 38 250 1
family=Impact
weight=500
olcolour=0~=255 0 0 0 1;60~=255 0 0 0 1;72~=255 0 0 0 1
outline=00:00:00.000|=0;00:00:02.500=0;00:00:03.000=0
bgcolour=0~=0 0 0 0 1;60~=0 0 0 0 1;72~=0 0 0 0 1
pad=00:00:00.000|=0;00:00:02.500=0;00:00:03.000=0
letter_spaceing=0=0;60=0;72=0
