geometry=0~=0.0210938 0.176389 0.960156 0.640278 1;4~=0.0195312 0.176389 0.960156 0.640278 1;48~=0.0195312 0.176389 0.960156 0.640278 1;60~=1.01562 0.176389 0.960156 0.640278 1
halign=center
valign=bottom
argument=world
size=461
fgcolour=0~=255 255 252 33 1;4~=255 255 252.086 32.3416 1;48~=255 255 252.086 32.3416 1;60~=255 255 252.086 32.3416 1
family=Courier New
weight=500
olcolour=0~=255 0 0 0 1;4~=255 0 0 0 1;48~=255 0 0 0 1;60~=255 0 0 0 1
outline=0|=0
bgcolour=0~=0 0 0 0 1;4~=0 0 0 0 1;48~=0 0 0 0 1;60~=0 0 0 0 1
pad=0|=0
letter_spaceing=0=0;4=0;48=0;60=0
