geometry=0~=0.015625 -0.313889 0.963281 0.134722 1;48~=0.015625 0.833333 0.963281 0.134722 1
halign=center
valign=bottom
argument=hello world hello worldhello worldhello worldhello world
size=96.9998
fgcolour=0|=255 255 255 10 1;48~=255 255 255 10 1
family=Georgia
weight=500
olcolour=0~=255 0 0 0 1;48~=255 0 0 0 1
outline=0|=0
bgcolour=0~=0 0 0 0 1;48~=0 0 0 0 1
pad=0|=0
letter_spaceing=0=0;48=0
