geometry=0~=0.536719 0.830556 0.464844 0.101389 1;48~=0 0.845833 1 0.154167 1
halign=center
valign=bottom
argument=hello world hello world
size=111
fgcolour=0~=255 255 255 10 1;48~=255 255 255 10 1
family=Arial Black
weight=500
olcolour=0~=255 0 0 0 1;48~=255 0 0 0 1
outline=00:00:00.000|=0;00:00:02.000=0
bgcolour=0~=0 0 0 0 1;48~=0 0 0 0 1
pad=00:00:00.000|=0;00:00:02.000=0
letter_spaceing=0=0;48=0
