geometry=00:00:00.000~=0.0867187 0.329167 0.828906 0.318056 1;00:00:02.000~=0.202344 0.393056 0.595313 0.213889 1
halign=center
valign=bottom
argument=hello world
size=154
fgcolour=0~=255 252 2 255 1;48~=255 252 2 255 1
family=Arial Black
weight=500
olcolour=0~=255 255 255 255 1;48~=255 255 255 255 1
outline=00:00:00.000|=5;00:00:02.000=5
bgcolour=0~=0 0 0 0 1;48~=0 0 0 0 1
pad=00:00:00.000|=0;00:00:02.000=0
letter_spaceing=0=0;48=0
