geometry=00:00:00.000~=0.0484375 0.7 0.448437 0.115278 1;00:00:02.000~=0.0453125 0.679167 0.691406 0.183333 1
halign=center
valign=bottom
argument=hello world hello
size=132
fgcolour=00:00:00.000~=255 255 255 255 1;00:00:02.000~=255 255 255 255 1
family=Microsoft Sans Serif
weight=500
olcolour=00:00:00.000~=255 0 0 0 1;00:00:02.000~=255 0 0 0 1
outline=00:00:00.000|=0;00:00:02.000=0
bgcolour=00:00:00.000~=0 0 0 0 1;00:00:02.000~=0 0 0 0 1
pad=00:00:00.000|=0;00:00:02.000=0
letter_spaceing=00:00:00.000=0;00:00:02.000=0
