geometry=00:00:00.000~=0.00234375 0.772222 0.996094 0.194444 1;00:00:01.000~=0.141406 0.854167 0.717187 0.141667 1
halign=center
valign=bottom
argument=hello world hello world hello world 
size=102
fgcolour=00:00:00.000|=255 252 1 7 1;00:00:01.000~=255 252 1 7 1
family=Comic Sans MS
weight=500
olcolour=00:00:00.000~=255 0 0 0 1;00:00:01.000~=255 0 0 0 1
outline=00:00:00.000|=0
bgcolour=00:00:00.000~=0 0 0 0 1;00:00:01.000~=0 0 0 0 1
pad=00:00:00.000|=0
letter_spaceing=00:00:00.000|=0
