geometry=0~=-0.0015625 0.273611 0.801562 0.418056 1;24~=0.204687 0.377778 0.603125 0.220833 1
halign=center
valign=bottom
argument=hello world 
size=159
fgcolour=0|=255 32 255 255 1;24~=255 32 255 255 1
family=Comic Sans MS
weight=500
olcolour=0~=255 0 0 0 1;24~=255 0 0 0 1
outline=0|=0
bgcolour=0~=0 0 0 0 1;24~=0 0 0 0 1
pad=0|=0
letter_spaceing=0=0;24=0
