geometry=0~=0.00234375 0.419444 0.997656 0.168056 1;36~=0.0273438 0.105556 0.620313 0.145833 1
halign=center
valign=bottom
argument=hello world hello world
size=105
fgcolour=0~=255 128 0 128 1;36~=255 128 0 128 1
family=Arial Black
weight=500
olcolour=0~=255 0 0 0 1;36~=255 0 0 0 1
outline=0|=0;36=0
bgcolour=0~=0 0 0 0 1;36~=0 0 0 0 1
pad=0|=0;36=0
letter_spaceing=0=0;36=0
