geometry=00:00:00.000~=0 0.347222 0.335156 0.125 1;00:00:02.000~=0 0.35 1.01172 0.255556 1
halign=center
valign=bottom
argument=hello world
size=184
fgcolour=00:00:00.000~=255 255 255 255 1;00:00:02.000~=255 255 255 255 1
family=Impact
weight=500
olcolour=00:00:00.000~=255 0 0 0 1;00:00:02.000~=255 0 0 0 1
outline=00:00:00.000|=2;00:00:02.000=2
bgcolour=00:00:00.000~=0 0 0 0 1;00:00:02.000~=0 0 0 0 1
pad=00:00:00.000|=0;00:00:02.000=0
letter_spaceing=00:00:00.000|=0;00:00:02.000=0
