geometry=0~=-0.0015625 0.273611 0.801562 0.418056 1;24~=0.204687 0.377778 0.603125 0.220833 1
halign=center
valign=bottom
argument=hello world 
size=159
fgcolour=00:00:00.000|=255 32 255 255 1;00:00:01.000~=255 32 255 255 1
family=Comic Sans MS
weight=500
olcolour=00:00:00.000~=255 0 0 0 1;00:00:01.000~=255 0 0 0 1
outline=00:00:00.000|=0
bgcolour=00:00:00.000~=0 0 0 0 1;00:00:01.000~=0 0 0 0 1
pad=00:00:00.000|=0
letter_spaceing=00:00:00.000=0;00:00:01.000=0
