geometry=0.0078125 0.8875 0.978906 0.0930556 1
shear_x=0
halign=center
valign=bottom
size=105
fgcolour=255 255 255 255 1
family=Arial Black
weight=750
olcolour=255 0 0 0 1
outline=1
bgcolour=0 0 0 0 1
pad=00:00:00.000=0
letter_spaceing=0
shadow_distance=2
shadow_angle=45
